500
531.6069613
544.6766158
554.6900357
563.1189354
570.5336799
577.2269383
583.3726574
589.0842298
594.4404574
599.4987437
604.3024448
608.8852607
613.2740041
617.4904251
621.5524578
625.4750971
629.2710331
632.9511188
636.524723
640
643.3840995
646.6833324
649.9033022
653.0490118
656.12495
659.1351627
662.0833119
664.972725
667.8064361
670.5872211
673.3176275
676
678.6365024
681.2291367
683.7797595
686.2900964
688.7617546
691.1962343
693.594938
695.9591794
698.2901914
700.5891323
702.8570926
705.0950999
707.3041244
709.485083
711.6388433
713.7662275
715.8680152
717.9449472
719.9977273
722.0270254
724.0334796
726.0176984
727.9802623
729.9217258
731.842619
733.7434491
735.6247016
737.4868417
739.3303157
741.1555515
742.9629601
744.7529367
746.5258607
748.2820976
750.021999
751.7459036
753.4541379
755.1470164
756.824843
758.4879107
760.1365026
761.7708922
763.3913438
764.9981132
766.5914477
768.1715869
769.7387625
771.2931993
772.835115
774.3647208
775.8822212
777.3878152
778.8816953
780.3640491
781.8350581
783.2948994
784.7437444
786.1817604
787.6091097
789.0259504
790.4324362
791.8287169
793.2149382
794.5912422
795.9577673
797.3146481
798.6620163
800
801.3287242
802.6483108
803.9588788
805.2605445
806.5534211
807.8376195
809.1132479
810.3804118
811.6392145
812.8897569
814.1321378
815.3664535
816.5927984
817.8112647
819.0219428
820.224921
821.4202856
822.6081214
823.7885112
824.9615362
826.1272758
827.2858078
828.4372086
829.5815529
830.7189139
831.8493634
832.9729719
834.0898083
835.1999403
836.3034344
837.4003557
838.490768
839.574734
840.6523154
841.7235725
842.7885646
843.8473499
844.8999855
845.9465277
846.9870315
848.0215511
849.0501397
850.0728496
851.0897321
852.1008378
853.1062163
854.1059164
855.0999859
856.0884722
857.0714214
858.0488793
859.0208908
859.9874998
860.9487498
861.9046836
862.8553431
863.8007697
864.741004
865.6760862
866.6060556
867.5309511
868.4508108
869.3656725
870.2755731
871.1805491
872.0806364
872.9758705
873.8662863
874.7519179
875.6327994
876.508964
877.3804446
878.2472736
879.1094829
879.9671038
880.8201675
881.6687045
882.5127449
883.3523184
884.1874542
885.0181814
885.8445283
886.666523
887.4841932
888.2975663
889.1066692
889.9115284
890.7121703
891.5086206
892.3009049
893.0890484
893.873076
894.6530122
895.4288811
896.2007067
896.9685126
897.732322
898.492158
899.2480432
900
900.7480505
901.4922166
902.2325198
902.9689814
903.7016225
904.4304637
905.1555257
905.8768286
906.5943925
907.3082371
908.0183819
908.7248463
909.4276493
910.1268097
910.822346
911.5142768
912.2026201
912.8873938
913.5686158
914.2463035
914.9204743
915.5911452
916.2583332
916.9220551
917.5823272
918.239166
918.8925877
919.5426081
920.1892431
920.8325083
921.472419
922.1089907
922.7422382
923.3721767
923.9988208
924.622185
925.2422839
925.8591316
926.4727424
927.0831301
927.6903085
928.2942913
928.8950921
929.492724
930.0872005
930.6785344
931.2667388
931.8518264
932.43381
933.0127019
933.5885146
934.1612604
934.7309513
935.2975994
935.8612164
936.4218143
936.9794045
937.5339987
938.0856081
938.634244
939.1799176
939.7226399
940.2624217
940.799274
941.3332075
941.8642325
942.3923598
942.9175996
943.4399621
943.9594576
944.4760961
944.9898875
945.5008418
946.0089685
946.5142775
947.0167782
947.5164801
948.0133927
948.507525
948.9988864
949.4874859
949.9733325
950.4564352
950.9368027
951.4144437
951.889367
952.361581
952.8310943
953.2979153
953.7620522
954.2235133
954.6823067
955.1384405
955.5919227
956.0427612
956.4909638
956.9365383
957.3794923
957.8198336
958.2575695
958.6927076
959.1252552
959.5552198
959.9826084
960.4074283
960.8296865
961.2493902
961.6665463
962.0811617
962.4932432
962.9027976
963.3098315
963.7143517
964.1163647
964.515877
964.9128951
965.3074253
965.6994739
966.0890473
966.4761516
966.860793
967.2429775
967.6227112
968
968.3748499
968.7472667
969.1172561
969.484824
969.8499761
970.2127178
970.5730549
970.9309928
971.286537
971.639693
971.990466
972.3388614
972.6848845
973.0285404
973.3698343
973.7087713
974.0453565
974.3795948
974.7114913
975.0410509
975.3682783
975.6931784
976.015756
976.3360159
976.6539625
976.9696007
977.282935
977.5939698
977.9027098
978.2091593
978.5133227
978.8152044
979.1148088
979.41214
979.7072024
980
980.2905371
980.5788177
980.8648459
981.1486257
981.4301611
981.709456
981.9865143
982.2613399
982.5339366
982.8043082
983.0724583
983.3383908
983.6021092
983.8636171
984.1229183
984.3800161
984.6349141
984.8876158
985.1381247
985.386444
985.6325772
985.8765275
986.1182984
986.3578929
986.5953144
986.830566
987.0636509
987.2945721
987.5233328
987.7499359
987.9743846
988.1966817
988.4168302
988.634833
988.850693
989.0644129
989.2759957
989.4854441
989.6927608
989.8979486
990.10101
990.3019478
990.5007645
990.6974628
990.8920452
991.0845141
991.2748721
991.4631217
991.6492652
991.8333051
992.0152437
992.1950833
992.3728262
992.5484748
992.7220312
992.8934976
993.0628763
993.2301694
993.395379
993.5585072
993.719556
993.8785276
994.0354238
994.1902468
994.3429983
994.4936804
994.642295
994.7888439
994.9333288
995.0757518
995.2161144
995.3544186
995.4906659
995.6248581
995.7569969
995.8870839
996.0151207
996.141109
996.2650501
996.3869458
996.5067975
996.6246067
996.7403748
996.8541033
996.9657936
997.075447
997.1830649
997.2886486
997.3921994
997.4937186
997.5932073
997.690667
997.7860986
997.8795035
997.9708827
998.0602373
998.1475685
998.2328773
998.3161647
998.3974318
998.4766795
998.5539088
998.6291207
998.702316
998.7734957
998.8426606
998.9098115
998.9749493
999.0380747
999.0991885
999.1582915
999.2153844
999.2704678
999.3235424
999.3746089
999.4236678
999.4707199
999.5157655
999.5588053
999.5998399
999.6388696
999.675895
999.7109164
999.7439344
999.7749494
999.8039616
999.8309714
999.8559793
999.8789854
999.89999
999.9189934
999.9359959
999.9509976
999.9639987
999.9749994
999.9839997
999.9909999
999.996
999.999
1000
999.999
999.996
999.9909999
999.9839997
999.9749994
999.9639987
999.9509976
999.9359959
999.9189934
999.89999
999.8789854
999.8559793
999.8309714
999.8039616
999.7749494
999.7439344
999.7109164
999.675895
999.6388696
999.5998399
999.5588053
999.5157655
999.4707199
999.4236678
999.3746089
999.3235424
999.2704678
999.2153844
999.1582915
999.0991885
999.0380747
998.9749493
998.9098115
998.8426606
998.7734957
998.702316
998.6291207
998.5539088
998.4766795
998.3974318
998.3161647
998.2328773
998.1475685
998.0602373
997.9708827
997.8795035
997.7860986
997.690667
997.5932073
997.4937186
997.3921994
997.2886486
997.1830649
997.075447
996.9657936
996.8541033
996.7403748
996.6246067
996.5067975
996.3869458
996.2650501
996.141109
996.0151207
995.8870839
995.7569969
995.6248581
995.4906659
995.3544186
995.2161144
995.0757518
994.9333288
994.7888439
994.642295
994.4936804
994.3429983
994.1902468
994.0354238
993.8785276
993.719556
993.5585072
993.395379
993.2301694
993.0628763
992.8934976
992.7220312
992.5484748
992.3728262
992.1950833
992.0152437
991.8333051
991.6492652
991.4631217
991.2748721
991.0845141
990.8920452
990.6974628
990.5007645
990.3019478
990.10101
989.8979486
989.6927608
989.4854441
989.2759957
989.0644129
988.850693
988.634833
988.4168302
988.1966817
987.9743846
987.7499359
987.5233328
987.2945721
987.0636509
986.830566
986.5953144
986.3578929
986.1182984
985.8765275
985.6325772
985.386444
985.1381247
984.8876158
984.6349141
984.3800161
984.1229183
983.8636171
983.6021092
983.3383908
983.0724583
982.8043082
982.5339366
982.2613399
981.9865143
981.709456
981.4301611
981.1486257
980.8648459
980.5788177
980.2905371
980
979.7072024
979.41214
979.1148088
978.8152044
978.5133227
978.2091593
977.9027098
977.5939698
977.282935
976.9696007
976.6539625
976.3360159
976.015756
975.6931784
975.3682783
975.0410509
974.7114913
974.3795948
974.0453565
973.7087713
973.3698343
973.0285404
972.6848845
972.3388614
971.990466
971.639693
971.286537
970.9309928
970.5730549
970.2127178
969.8499761
969.484824
969.1172561
968.7472667
968.3748499
968
967.6227112
967.2429775
966.860793
966.4761516
966.0890473
965.6994739
965.3074253
964.9128951
964.515877
964.1163647
963.7143517
963.3098315
962.9027976
962.4932432
962.0811617
961.6665463
961.2493902
960.8296865
960.4074283
959.9826084
959.5552198
959.1252552
958.6927076
958.2575695
957.8198336
957.3794923
956.9365383
956.4909638
956.0427612
955.5919227
955.1384405
954.6823067
954.2235133
953.7620522
953.2979153
952.8310943
952.361581
951.889367
951.4144437
950.9368027
950.4564352
949.9733325
949.4874859
948.9988864
948.507525
948.0133927
947.5164801
947.0167782
946.5142775
946.0089685
945.5008418
944.9898875
944.4760961
943.9594576
943.4399621
942.9175996
942.3923598
941.8642325
941.3332075
940.799274
940.2624217
939.7226399
939.1799176
938.634244
938.0856081
937.5339987
936.9794045
936.4218143
935.8612164
935.2975994
934.7309513
934.1612604
933.5885146
933.0127019
932.43381
931.8518264
931.2667388
930.6785344
930.0872005
929.492724
928.8950921
928.2942913
927.6903085
927.0831301
926.4727424
925.8591316
925.2422839
924.622185
923.9988208
923.3721767
922.7422382
922.1089907
921.472419
920.8325083
920.1892431
919.5426081
918.8925877
918.239166
917.5823272
916.9220551
916.2583332
915.5911452
914.9204743
914.2463035
913.5686158
912.8873938
912.2026201
911.5142768
910.822346
910.1268097
909.4276493
908.7248463
908.0183819
907.3082371
906.5943925
905.8768286
905.1555257
904.4304637
903.7016225
902.9689814
902.2325198
901.4922166
900.7480505
900
899.2480432
898.492158
897.732322
896.9685126
896.2007067
895.4288811
894.6530122
893.873076
893.0890484
892.3009049
891.5086206
890.7121703
889.9115284
889.1066692
888.2975663
887.4841932
886.666523
885.8445283
885.0181814
884.1874542
883.3523184
882.5127449
881.6687045
880.8201675
879.9671038
879.1094829
878.2472736
877.3804446
876.508964
875.6327994
874.7519179
873.8662863
872.9758705
872.0806364
871.1805491
870.2755731
869.3656725
868.4508108
867.5309511
866.6060556
865.6760862
864.741004
863.8007697
862.8553431
861.9046836
860.9487498
859.9874998
859.0208908
858.0488793
857.0714214
856.0884722
855.0999859
854.1059164
853.1062163
852.1008378
851.0897321
850.0728496
849.0501397
848.0215511
846.9870315
845.9465277
844.8999855
843.8473499
842.7885646
841.7235725
840.6523154
839.574734
838.490768
837.4003557
836.3034344
835.1999403
834.0898083
832.9729719
831.8493634
830.7189139
829.5815529
828.4372086
827.2858078
826.1272758
824.9615362
823.7885112
822.6081214
821.4202856
820.224921
819.0219428
817.8112647
816.5927984
815.3664535
814.1321378
812.8897569
811.6392145
810.3804118
809.1132479
807.8376195
806.5534211
805.2605445
803.9588788
802.6483108
801.3287242
800
798.6620163
797.3146481
795.9577673
794.5912422
793.2149382
791.8287169
790.4324362
789.0259504
787.6091097
786.1817604
784.7437444
783.2948994
781.8350581
780.3640491
778.8816953
777.3878152
775.8822212
774.3647208
772.835115
771.2931993
769.7387625
768.1715869
766.5914477
764.9981132
763.3913438
761.7708922
760.1365026
758.4879107
756.824843
755.1470164
753.4541379
751.7459036
750.021999
748.2820976
746.5258607
744.7529367
742.9629601
741.1555515
739.3303157
737.4868417
735.6247016
733.7434491
731.842619
729.9217258
727.9802623
726.0176984
724.0334796
722.0270254
719.9977273
717.9449472
715.8680152
713.7662275
711.6388433
709.485083
707.3041244
705.0950999
702.8570926
700.5891323
698.2901914
695.9591794
693.594938
691.1962343
688.7617546
686.2900964
683.7797595
681.2291367
678.6365024
676
673.3176275
670.5872211
667.8064361
664.972725
662.0833119
659.1351627
656.12495
653.0490118
649.9033022
646.6833324
643.3840995
640
636.524723
632.9511188
629.2710331
625.4750971
621.5524578
617.4904251
613.2740041
608.8852607
604.3024448
599.4987437
594.4404574
589.0842298
583.3726574
577.2269383
570.5336799
563.1189354
554.6900357
544.6766158
531.6069613
500