500
468.3930387
455.3233842
445.3099643
436.8810646
429.4663201
422.7730617
416.6273426
410.9157702
405.5595426
400.5012563
395.6975552
391.1147393
386.7259959
382.5095749
378.4475422
374.5249029
370.7289669
367.0488812
363.475277
360
356.6159005
353.3166676
350.0966978
346.9509882
343.87505
340.8648373
337.9166881
335.027275
332.1935639
329.4127789
326.6823725
324
321.3634976
318.7708633
316.2202405
313.7099036
311.2382454
308.8037657
306.405062
304.0408206
301.7098086
299.4108677
297.1429074
294.9049001
292.6958756
290.514917
288.3611567
286.2337725
284.1319848
282.0550528
280.0022727
277.9729746
275.9665204
273.9823016
272.0197377
270.0782742
268.157381
266.2565509
264.3752984
262.5131583
260.6696843
258.8444485
257.0370399
255.2470633
253.4741393
251.7179024
249.978001
248.2540964
246.5458621
244.8529836
243.175157
241.5120893
239.8634974
238.2291078
236.6086562
235.0018868
233.4085523
231.8284131
230.2612375
228.7068007
227.164885
225.6352792
224.1177788
222.6121848
221.1183047
219.6359509
218.1649419
216.7051006
215.2562556
213.8182396
212.3908903
210.9740496
209.5675638
208.1712831
206.7850618
205.4087578
204.0422327
202.6853519
201.3379837
200
198.6712758
197.3516892
196.0411212
194.7394555
193.4465789
192.1623805
190.8867521
189.6195882
188.3607855
187.1102431
185.8678622
184.6335465
183.4072016
182.1887353
180.9780572
179.775079
178.5797144
177.3918786
176.2114888
175.0384638
173.8727242
172.7141922
171.5627914
170.4184471
169.2810861
168.1506366
167.0270281
165.9101917
164.8000597
163.6965656
162.5996443
161.509232
160.425266
159.3476846
158.2764275
157.2114354
156.1526501
155.1000145
154.0534723
153.0129685
151.9784489
150.9498603
149.9271504
148.9102679
147.8991622
146.8937837
145.8940836
144.9000141
143.9115278
142.9285786
141.9511207
140.9791092
140.0125002
139.0512502
138.0953164
137.1446569
136.1992303
135.258996
134.3239138
133.3939444
132.4690489
131.5491892
130.6343275
129.7244269
128.8194509
127.9193636
127.0241295
126.1337137
125.2480821
124.3672006
123.491036
122.6195554
121.7527264
120.8905171
120.0328962
119.1798325
118.3312955
117.4872551
116.6476816
115.8125458
114.9818186
114.1554717
113.333477
112.5158068
111.7024337
110.8933308
110.0884716
109.2878297
108.4913794
107.6990951
106.9109516
106.126924
105.3469878
104.5711189
103.7992933
103.0314874
102.267678
101.507842
100.7519568
100
99.25194947
98.50778339
97.76748018
97.03101856
96.29837751
95.56953626
94.84447431
94.12317139
93.40560752
92.69176291
91.98161806
91.27515368
90.57235071
89.87319034
89.17765397
88.48572321
87.79737992
87.11260615
86.43138417
85.75369646
85.07952569
84.40885476
83.74166675
83.07794493
82.41767279
81.76083397
81.10741234
80.45739191
79.81075692
79.16749175
78.52758097
77.89100934
77.25776175
76.6278233
76.00117925
75.37781499
74.75771612
74.14086836
73.52725761
72.91686992
72.30969148
71.70570865
71.10490793
70.50727596
69.91279954
69.32146559
68.73326119
68.14817356
67.56619004
66.98729811
66.41148539
65.83873964
65.26904872
64.70240065
64.13878356
63.5781857
63.02059545
62.46600132
61.91439193
61.36575601
60.82008243
60.27736015
59.73757826
59.20072595
58.66679255
58.13576746
57.60764021
57.08240044
56.56003789
56.04054239
55.5239039
55.01011247
54.49915825
53.99103148
53.48572251
52.98322179
52.48351986
51.98660734
51.49247498
51.00111359
50.51251408
50.02666746
49.54356481
49.06319733
48.58555628
48.11063301
47.63841896
47.16890566
46.70208472
46.23794782
45.77648674
45.31769333
44.86155952
44.40807733
43.95723885
43.50903623
43.06346174
42.62050767
42.18016644
41.7424305
41.30729241
40.87474476
40.44478025
40.01739163
39.59257174
39.17031346
38.75060976
38.33345367
37.9188383
37.50675681
37.09720243
36.69016846
36.28564827
35.88363528
35.48412298
35.08710493
34.69257474
34.30052609
33.91095271
33.52384841
33.13920704
32.75702252
32.37728883
32
31.62515012
31.25273334
30.88274387
30.51517596
30.15002394
29.78728218
29.4269451
29.06900718
28.71346295
28.36030701
28.00953399
27.66113859
27.31511554
26.97145963
26.63016573
26.29122871
25.95464352
25.62040516
25.28850867
24.95894914
24.63172171
24.30682158
23.98424396
23.66398415
23.34603747
23.03039929
22.71706504
22.40603019
22.09729024
21.79084074
21.4866773
21.18479556
20.88519121
20.58785998
20.29279764
20
19.70946293
19.42118232
19.13515412
18.85137431
18.56983892
18.290544
18.01348567
17.73866006
17.46606337
17.19569182
16.92754167
16.66160922
16.39789082
16.13638285
15.87708172
15.6199839
15.36508586
15.11238415
14.86187534
14.61355602
14.36742284
14.12347247
13.88170164
13.64210709
13.4046856
13.16943399
12.93634913
12.7054279
12.47666723
12.25006407
12.02561543
11.80331832
11.58316982
11.36516702
11.14930705
10.93558706
10.72400427
10.51455589
10.30723918
10.10205144
9.898990003
9.698052217
9.499235475
9.302537198
9.107954841
8.915485889
8.725127856
8.536878291
8.350734771
8.166694906
7.984756334
7.804916725
7.62717378
7.451525228
7.27796883
7.106502376
6.937123685
6.769830606
6.604621019
6.44149283
6.280443977
6.121472425
5.964576169
5.809753233
5.657001668
5.506319555
5.357705003
5.211156148
5.066671157
4.924248221
4.783885561
4.645581427
4.509334094
4.375141866
4.243003075
4.112916079
3.984879263
3.85889104
3.73494985
3.61305416
3.493202463
3.37539328
3.259625156
3.145896666
3.034206409
2.92455301
2.816935123
2.711351427
2.607800624
2.506281447
2.406792651
2.309333019
2.213901359
2.120496505
2.029117317
1.939762679
1.852431502
1.767122723
1.683835301
1.602568225
1.523320505
1.44609118
1.37087931
1.297683984
1.226504313
1.157339435
1.090188511
1.025050729
0.9619253
0.900811461
0.841708473
0.784615622
0.729532217
0.676457595
0.625391114
0.576332159
0.529280137
0.484234483
0.441194653
0.400160128
0.361130415
0.324105044
0.289083569
0.25606557
0.225050648
0.196038431
0.169028571
0.144020742
0.121014645
0.100010002
0.081006562
0.064004097
0.049002401
0.036001296
0.025000625
0.016000256
0.009000081
0.004000016
0.001000001
0
0.001000001
0.004000016
0.009000081
0.016000256
0.025000625
0.036001296
0.049002401
0.064004097
0.081006562
0.100010002
0.121014645
0.144020742
0.169028571
0.196038431
0.225050648
0.25606557
0.289083569
0.324105044
0.361130415
0.400160128
0.441194653
0.484234483
0.529280137
0.576332159
0.625391114
0.676457595
0.729532217
0.784615622
0.841708473
0.900811461
0.9619253
1.025050729
1.090188511
1.157339435
1.226504313
1.297683984
1.37087931
1.44609118
1.523320505
1.602568225
1.683835301
1.767122723
1.852431502
1.939762679
2.029117317
2.120496505
2.213901359
2.309333019
2.406792651
2.506281447
2.607800624
2.711351427
2.816935123
2.92455301
3.034206409
3.145896666
3.259625156
3.37539328
3.493202463
3.61305416
3.73494985
3.85889104
3.984879263
4.112916079
4.243003075
4.375141866
4.509334094
4.645581427
4.783885561
4.924248221
5.066671157
5.211156148
5.357705003
5.506319555
5.657001668
5.809753233
5.964576169
6.121472425
6.280443977
6.44149283
6.604621019
6.769830606
6.937123685
7.106502376
7.27796883
7.451525228
7.62717378
7.804916725
7.984756334
8.166694906
8.350734771
8.536878291
8.725127856
8.915485889
9.107954841
9.302537198
9.499235475
9.698052217
9.898990003
10.10205144
10.30723918
10.51455589
10.72400427
10.93558706
11.14930705
11.36516702
11.58316982
11.80331832
12.02561543
12.25006407
12.47666723
12.7054279
12.93634913
13.16943399
13.4046856
13.64210709
13.88170164
14.12347247
14.36742284
14.61355602
14.86187534
15.11238415
15.36508586
15.6199839
15.87708172
16.13638285
16.39789082
16.66160922
16.92754167
17.19569182
17.46606337
17.73866006
18.01348567
18.290544
18.56983892
18.85137431
19.13515412
19.42118232
19.70946293
20
20.29279764
20.58785998
20.88519121
21.18479556
21.4866773
21.79084074
22.09729024
22.40603019
22.71706504
23.03039929
23.34603747
23.66398415
23.98424396
24.30682158
24.63172171
24.95894914
25.28850867
25.62040516
25.95464352
26.29122871
26.63016573
26.97145963
27.31511554
27.66113859
28.00953399
28.36030701
28.71346295
29.06900718
29.4269451
29.78728218
30.15002394
30.51517596
30.88274387
31.25273334
31.62515012
32
32.37728883
32.75702252
33.13920704
33.52384841
33.91095271
34.30052609
34.69257474
35.08710493
35.48412298
35.88363528
36.28564827
36.69016846
37.09720243
37.50675681
37.9188383
38.33345367
38.75060976
39.17031346
39.59257174
40.01739163
40.44478025
40.87474476
41.30729241
41.7424305
42.18016644
42.62050767
43.06346174
43.50903623
43.95723885
44.40807733
44.86155952
45.31769333
45.77648674
46.23794782
46.70208472
47.16890566
47.63841896
48.11063301
48.58555628
49.06319733
49.54356481
50.02666746
50.51251408
51.00111359
51.49247498
51.98660734
52.48351986
52.98322179
53.48572251
53.99103148
54.49915825
55.01011247
55.5239039
56.04054239
56.56003789
57.08240044
57.60764021
58.13576746
58.66679255
59.20072595
59.73757826
60.27736015
60.82008243
61.36575601
61.91439193
62.46600132
63.02059545
63.5781857
64.13878356
64.70240065
65.26904872
65.83873964
66.41148539
66.98729811
67.56619004
68.14817356
68.73326119
69.32146559
69.91279954
70.50727596
71.10490793
71.70570865
72.30969148
72.91686992
73.52725761
74.14086836
74.75771612
75.37781499
76.00117925
76.6278233
77.25776175
77.89100934
78.52758097
79.16749175
79.81075692
80.45739191
81.10741234
81.76083397
82.41767279
83.07794493
83.74166675
84.40885476
85.07952569
85.75369646
86.43138417
87.11260615
87.79737992
88.48572321
89.17765397
89.87319034
90.57235071
91.27515368
91.98161806
92.69176291
93.40560752
94.12317139
94.84447431
95.56953626
96.29837751
97.03101856
97.76748018
98.50778339
99.25194947
100
100.7519568
101.507842
102.267678
103.0314874
103.7992933
104.5711189
105.3469878
106.126924
106.9109516
107.6990951
108.4913794
109.2878297
110.0884716
110.8933308
111.7024337
112.5158068
113.333477
114.1554717
114.9818186
115.8125458
116.6476816
117.4872551
118.3312955
119.1798325
120.0328962
120.8905171
121.7527264
122.6195554
123.491036
124.3672006
125.2480821
126.1337137
127.0241295
127.9193636
128.8194509
129.7244269
130.6343275
131.5491892
132.4690489
133.3939444
134.3239138
135.258996
136.1992303
137.1446569
138.0953164
139.0512502
140.0125002
140.9791092
141.9511207
142.9285786
143.9115278
144.9000141
145.8940836
146.8937837
147.8991622
148.9102679
149.9271504
150.9498603
151.9784489
153.0129685
154.0534723
155.1000145
156.1526501
157.2114354
158.2764275
159.3476846
160.425266
161.509232
162.5996443
163.6965656
164.8000597
165.9101917
167.0270281
168.1506366
169.2810861
170.4184471
171.5627914
172.7141922
173.8727242
175.0384638
176.2114888
177.3918786
178.5797144
179.775079
180.9780572
182.1887353
183.4072016
184.6335465
185.8678622
187.1102431
188.3607855
189.6195882
190.8867521
192.1623805
193.4465789
194.7394555
196.0411212
197.3516892
198.6712758
200
201.3379837
202.6853519
204.0422327
205.4087578
206.7850618
208.1712831
209.5675638
210.9740496
212.3908903
213.8182396
215.2562556
216.7051006
218.1649419
219.6359509
221.1183047
222.6121848
224.1177788
225.6352792
227.164885
228.7068007
230.2612375
231.8284131
233.4085523
235.0018868
236.6086562
238.2291078
239.8634974
241.5120893
243.175157
244.8529836
246.5458621
248.2540964
249.978001
251.7179024
253.4741393
255.2470633
257.0370399
258.8444485
260.6696843
262.5131583
264.3752984
266.2565509
268.157381
270.0782742
272.0197377
273.9823016
275.9665204
277.9729746
280.0022727
282.0550528
284.1319848
286.2337725
288.3611567
290.514917
292.6958756
294.9049001
297.1429074
299.4108677
301.7098086
304.0408206
306.405062
308.8037657
311.2382454
313.7099036
316.2202405
318.7708633
321.3634976
324
326.6823725
329.4127789
332.1935639
335.027275
337.9166881
340.8648373
343.87505
346.9509882
350.0966978
353.3166676
356.6159005
360
363.475277
367.0488812
370.7289669
374.5249029
378.4475422
382.5095749
386.7259959
391.1147393
395.6975552
400.5012563
405.5595426
410.9157702
416.6273426
422.7730617
429.4663201
436.8810646
445.3099643
455.3233842
468.3930387
500