300
468.294197
481.8594854
328.2240016
148.6395009
108.2151451
244.1169004
431.3973197
497.8716493
382.423697
191.1957778
100.0019587
192.6854164
384.0334074
498.1214711
430.057568
242.4193367
107.7205016
149.8025506
329.9754419
482.5890501
467.3311277
298.2297381
130.7559192
118.8843276
273.52965
452.5116901
491.2751857
354.1811577
167.2732232
102.3936752
219.1924709
410.2853362
499.982372
405.8165372
214.3634661
101.6442293
171.2923733
359.2737157
492.7590773
449.0226321
268.2754662
116.6956904
133.6450515
303.540385
470.1807049
480.3576695
324.7146245
146.3490677
109.2494694
247.5250293
434.0458352
497.3255184
379.18503
188.2421902
100.0489653
195.6897996
387.232951
498.5745296
427.3476014
239.0378758
106.776446
152.1638607
333.4711401
484.0052076
465.3657359
294.6897692
128.8960042
120.4144639
277.0430372
454.7781363
490.2109307
350.7646726
164.6456086
102.9707479
222.4436729
413.2215274
499.9040317
402.7956912
211.1774663
101.2222692
174.0224011
362.6457565
493.6728922
446.638064
264.784876
115.3083106
135.6364327
307.0796605
472.0138812
478.7993327
321.1975024
144.1067861
110.3435717
250.9496029
436.6523429
496.7175491
375.9215478
185.3236256
100.1586332
198.7268718
390.4051574
498.9653583
424.5977263
235.6755194
105.8929433
154.5715
336.9563489
485.3637011
463.3485213
291.1514644
127.0897103
122.0008791
280.5636188
456.9960777
489.0870668
347.3322787
162.0604118
103.6095662
225.7191797
416.1222368
499.7630449
399.7426308
208.0193019
100.8626026
176.7919082
365.9981651
494.5260134
444.2075421
261.3053216
113.97881
137.6793226
310.6167174
473.7931512
477.1849633
317.6737372
141.9133587
111.4971091
254.3895481
439.2160262
496.0479319
372.6342731
182.4409986
100.3309278
201.7956812
393.5490324
499.2938346
421.8088044
232.3333211
105.0702704
157.0247141
340.4299763
486.6641047
461.2801162
287.6159325
125.3376034
123.6430762
284.0902914
459.1648193
487.9039463
343.8850517
159.5184429
104.3099298
229.0179648
418.9865556
499.5594559
396.6583127
204.8899626
100.5653422
179.6000265
369.3298911
495.3181736
441.731828
257.8378934
112.7076051
139.773081
314.1504472
475.5179576
475.5150672
314.1444334
139.7694729
112.70972
257.8437868
441.7360816
495.3168767
369.324236
179.5952125
100.5657953
204.8952662
396.6635907
499.5598557
418.9817097
229.0123285
104.3086851
159.5227341
343.8909336
487.9060111
459.1611686
284.0842817
123.6402328
125.3405406
287.6219499
461.2836814
486.66194
340.4240719
157.0204984
105.0716194
232.3389945
421.813586
499.2933284
393.5437037
201.7904292
100.3305812
182.445876
372.6398903
496.0491244
439.2116977
254.3836781
111.4950945
141.9170517
317.6797425
477.1877596
473.7901676
310.6106971
137.6758005
113.9810244
261.3112366
444.2117194
494.5246125
365.9924739
176.7871592
100.863162
208.0246554
399.7478564
499.7633382
416.1173282
225.7135821
103.608426
162.0647774
347.3381363
489.089031
456.9923427
280.5576185
121.9981302
127.0927401
291.1574874
463.3519999
485.3614371
336.9504238
154.5673613
105.8943961
235.6812279
424.6024422
498.9647457
390.3997796
198.721673
100.1583932
185.328565
375.9271254
496.7186368
436.6479408
250.9437582
110.3416581
144.1105629
321.2034973
478.802034
472.0108053
307.0736355
135.6329978
115.310624
264.7908107
446.6421637
493.6713877
362.640031
174.0177187
101.2229348
211.182868
402.8008627
499.9042184
413.2165575
222.4381158
102.9697127
164.6500471
350.770504
490.2127936
454.774318
277.0370482
120.4118104
128.8991258
294.6957959
465.3691268
484.0028451
333.4651962
152.1598002
106.7780021
239.0436178
427.3522501
498.573811
387.2275258
195.6846557
100.048832
188.2471901
379.1905662
497.326501
434.0413608
247.5192116
109.2476573
146.3529272
324.7206072
480.360275
470.1775377
303.5343571
133.6417048
116.698102
268.2814188
449.0266529
492.7574696
359.2679577
171.2877588
101.6450009
214.3689144
405.8216531
499.982452
410.2803068
219.1869561
102.3927453
167.2777332
354.1869611
491.2769469
452.5077898
273.5236742
118.8817704
130.7591316
298.2357668
467.3344298
482.5865898
329.9694811
149.7985697
107.7221606
242.4251103
430.062148
498.1206467
384.0279364
192.680329
100.0019321
191.2008365
382.4291901
497.8725264
431.3927745
244.1111116
108.213435
148.6434417
328.2299701
481.8619942
468.2909395
299.9939711
131.7025457
118.1430236
271.7819669
451.3644397
491.7831447
355.8773109
168.5981351
102.129228
217.5817961
408.8092808
499.9980145
407.3094961
215.9611218
101.8777046
169.9470121
357.5864369
492.2811572
450.1934683
270.0185973
117.4084897
132.6721746
301.7762905
469.2472931
481.113115
326.4643742
147.4844098
108.7265757
245.8246458
432.7312867
497.6053948
380.8020142
189.7096344
100.0177081
194.1885787
385.6419821
498.3565421
428.703012
240.7205263
107.2393153
150.9813889
331.7304863
483.306721
466.3516017
296.4535871
129.8161281
119.6449361
275.2913581
453.6547915
490.7487182
352.4691531
165.9496905
102.6754643
220.8205062
411.7628095
499.9509012
404.3050564
212.7616238
101.424752
172.6570474
360.9678662
493.22511
447.8320788
266.5229161
115.99243
134.6376551
305.3162575
471.1071173
479.5828825
322.9509737
145.2180456
109.7909325
249.2411589
435.3588297
497.0282167
377.5507699
186.7735029
100.0961551
197.2094804
388.8279354
498.7783962
425.9729163
237.3485181
106.3256034
153.3660358
335.2210587
484.6940026
464.3601323
292.9143144
127.9830431
121.2033687
278.8084926
455.8969906
489.6545144
349.0445523
163.343255
103.2835388
224.0840298
414.6813137
499.8411267
401.2679294
209.5894648
101.0340294
175.4069897
364.3301891
494.1085093
445.4243612
263.0377261
114.6340351
136.6549574
308.8545586
472.9133194
477.9963718
319.4303808
143.0001873
110.9148975
252.673579
437.9439536
496.3892935
374.2752226
183.8728546
100.2372485
200.2625949
391.9860515
499.1379566
423.2033428
233.9961437
105.4725858
155.7966353
338.7005933
486.0234043
462.3171552
289.3772622
126.2038653
122.8178332
282.3322681
458.0903342
488.5008762
345.6045819
160.7796453
103.9532608
227.3713442
417.5638788
499.6687254
398.1990667
206.4456389
100.7056593
178.1959774
367.6723522
494.9310784
442.9710702
259.5641193
113.3337307
138.7234492
312.3900847
474.6653335
476.3540802
315.9036988
140.8315301
112.0981186
256.1208303
440.4858482
495.6888252
370.9763987
181.0085986
100.4409441
203.3469653
395.1153409
499.4351106
420.3951595
230.6644539
104.6805297
158.2724257
342.1679999
487.2945095
460.2233108
285.843539
124.4791522
124.4878234
285.8615803
460.2341351
487.288165
342.1503197
158.2596649
104.6844204
230.6814191
420.4096014
499.4337514
395.0994301
203.3311314
100.4397446
181.0231363
370.9933078
495.6925595
440.4729745
256.1031845
112.0919243
140.8424823
315.9217281
476.3626105
474.6565222
312.3720328
138.7127536
113.3402249
259.5818326
442.9837171
494.9270315
367.6553321
178.1816324
100.7071781
206.4616252
398.2148227
499.6697652
417.5492464
227.3544926
103.9496833
160.792631
345.6221918
488.5069198
458.0792551
282.3142522
122.8094443
126.2128161
289.3953233
462.3277214
486.016761
338.6828484
155.7841034
105.4767886
234.0132173
423.2175897
499.1362783
391.9699911
200.2469181
100.2363686
183.8875806
374.2920154
496.3927139
437.930857
252.6560062
110.909005
143.0113926
319.4483818
478.0046185
472.9042299
308.8364897
136.6445216
114.6408271
263.0555013
445.4367772
494.1041509
364.3130634
175.392842
101.035867
209.6055983
401.2835257
499.8418466
414.6664954
224.0672971
103.2802757
163.3564615
349.0620865
489.6602554
455.8856601
278.7905079
121.1952648
127.9922707
292.9323897
464.3704369
484.6870625
335.2032546
153.3537367
106.330117
237.3656946
425.9869637
498.7763994
388.8117302
197.1939658
100.0955952
186.7884124
377.5674412
497.0313223
435.3455143
249.2236647
109.7853436
145.2295004
322.9689408
479.5908429
471.0977523
305.2981773
134.6274825
115.9995176
266.5407477
447.84426
493.2204415
360.9506402
172.6431013
101.4269078
212.7778995
404.3204881
499.9513011
411.74781
220.8038977
102.6725166
165.9631138
352.486606
490.7541547
453.6432133
275.2734102
119.6371197
129.8256296
296.4716708
466.3616416
483.2994863
331.7126286
150.9693264
107.2441382
240.7378004
428.7168556
498.3542274
385.6256373
194.1732311
100.0174683
189.7247228
380.8185586
497.6081844
432.7177567
245.8072356
108.7212921
147.4961106
326.4823016
481.1207867
469.2376558
301.7582046
132.6622682
117.4158707
270.0364797
450.205411
492.2761802
357.569116
169.9332721
101.880178
215.9775345
407.3247584
499.9980943
408.7941047
217.5653169
102.1265966
168.6117709
355.894677
491.7882749
451.3526173
271.7640614
118.1354972
131.7123182
300.0120577
468.3007115
481.8544672
328.2120645
148.6316197
108.2185657
244.1284779
431.4064099
497.8698946
382.4127107
191.1856607
100.0020124
192.6955916
384.044349
498.1231195
430.0484077
242.4077896
107.7171841
149.8105128
329.9873634
482.5939704
467.324523
298.2176809
130.7494947
118.8894426
273.5416017
452.5194902
491.2716628
354.1695507
167.2642035
102.3955355
219.2035008
410.2953949
499.9822116
405.8063052
214.3525698
101.6426867
171.3016027
359.2852317
492.762292
449.0145901
268.2635612
116.6908678
133.6517452
303.5524409
470.1870388
480.3524581
324.7026592
146.3413493
109.2530943
247.5366647
434.0547836
497.3235527
379.1739575
188.2321908
100.0492325
195.7000877
387.2438013
498.5759663
427.3383037
239.0263919
106.7733342
152.1719819
333.4830277
484.0099322
465.3589537
294.6777157
128.8897614
120.4197713
277.0550153
454.7857724
490.2072042
350.7530096
164.636732
102.9728188
222.4547873
413.2314667
499.9036579
402.7853478
211.166663
101.2209386
174.0317665
362.6572073
493.6759008
446.6298642
264.7730067
115.3036844
135.6433029
307.0917107
472.0200324
478.7939296
321.1855125
144.0992329
110.3473996
250.9612925
436.6611469
496.7153731
375.9103925
185.313747
100.1591137
198.7372696
390.4159128
498.9665828
424.5882941
235.6641024
105.8900382
154.5797777
336.9681989
485.3682285
463.3415637
291.1394185
127.083651
122.0063774
280.5756195
457.0035475
489.0831379
347.3205634
162.0516811
103.611847
225.7303751
416.1320538
499.7624578
399.7321793
208.0085951
100.8614843
176.8014064
366.0095473
494.5288148
444.1991871
261.2934917
113.9743816
137.6863671
310.6287582
473.799118
477.1793702
317.6617266
141.905973
111.5011387
254.4012882
439.224683
496.0455463
372.6230385
182.4312439
100.3316215
201.8061855
393.5596896
499.2948466
421.7992407
232.3219746
105.0675729
157.0331457
340.441785
486.6684337
461.2729853
287.603898
125.3317297
123.6487636
284.102311
459.1721203
487.8998163
343.8732877
159.5098607
104.3124199
229.0292377
418.9962471
499.5586557
396.6477565
204.8793557
100.5644366
179.6096547
369.3412011
495.3207669
441.7233204
257.8261067
112.703376
139.7802976
314.1624747
475.5237379
475.5092859
314.1324059
139.7622571
112.7139501
257.8555737
441.7445885
495.3142823
369.3129257
179.5855849
100.566702
204.9058736
396.6741464
499.5606549
418.9720175
229.0010559
104.3061961
159.5313171
343.9026973
487.9101401
459.1538667
284.0722622
123.6345464
125.3464153
287.6339845
461.2908114
486.6576101
340.4122629
157.0120676
105.0743179
232.3503414
421.823149
499.2923153
393.5330459
201.7799255
100.3298886
182.4556313
372.6511245
496.0515089
439.2030401
254.3719383
111.4910659
141.9244382
317.691753
477.1933517
473.7842
310.5986563
137.6687569
113.9854538
261.3230666
444.2200736
494.5218101
365.9810914
176.7776616
100.8642814
208.0353626
399.7583073
499.7639243
416.1075106
225.7023871
103.6061463
162.0735088
347.3498513
489.0929588
456.9848721
280.5456179
121.9926329
127.0988003
291.1695333
463.3589567
485.3569086
336.9385736
154.5590844
105.8973022
235.6926453
424.6118737
498.9635201
390.3890237
198.7112758
100.1579138
185.3384442
375.9382803
496.7208117
436.639136
250.9320689
110.3378313
144.118117
321.215487
478.8074361
472.0046531
307.0615852
135.6261285
115.3152512
264.8026802
446.6503627
493.6683781
362.6285798
174.008354
101.2242666
211.1936717
402.8112055
499.9045911
413.2066176
222.4270019
102.9676429
164.6589244
350.7821666
490.216519
454.7666811
277.0250703
120.4065039
128.9053696
294.7078495
465.3759081